Live2D用立ち絵イラスト作成します,"10,000",0
汎用モデル販売致します,"50,000",0
VRoid Studioで3Dモデルを制作します,"30,000",0
3DVTuberになる方法、各種お伝え致します,"1,000/90分",0
vroidstudioで3Dモデル作成いたします,"10,000","5.0
               5"
FeceRig用Live2Dモデル作成します,"10,000",0
Vtuber用のLive2Dモデルを作成いたします,"30,000",0
Vtuber向けイラスト・モデル制作します,"14,000",0
Vtuberモデル制作します,"10,000",0
Live2D用パーツ分けイラスト作成致します,"30,000",0
Vtuber向けパーツ分けイラストを制作致します,"20,000",0
Vtuber向け・Live2Dモデル作成致します,"90,000",0
高品質のvtuberモデルを作成いたします,"150,000",0
2DVtuberの体、デザインからお作りします,"50,000",0
Live２Dキャラデザつくります,"25,000",0
歌ってみた動画、オリジナル楽曲のMV制作致します,"20,000",0
アフターサポート付き♪VTuber全工程作ります,"15,000",0
Vtuber応援！Live2Dモデリング制作します,"10,000","5.0
               2"
VTuber向け！Live2Dモデルを制作します,"12,000",0
FBX→VRC形式への出力、設定を行わせて頂きます,"35,000",0
高品質モデル‼Live2Dモデリング代行致します,"50,000","4.8
               17"
キャラデザ〜モデリングまで一括でお作りいたします,"180,000",0
キャラクター立ち絵制作します,"10,000",0
キャラデザ・立ち絵・モデリング制作します,"50,000",0
デザイン込Live2Dパーツ分けイラスト制作します,"60,000",0
イラスト制作します,"9,000",0
3Dアバターのアフターサービス承ります,"3,500","5.0
               2"
2D・3D対応でVtuber用のモデリングをします,"10,000",0
VTuber、VRchat向け3Dモデル制作します,"70,000",0
1万円であなたの３Dモデルを制作します,"10,000","5.0
               1"
VRoid+αで3Dキャラクターをお作りします,"70,000","5.0
               10"
Facerig/Live2Dで使うモデル制作します,"20,000",0
早めの納品で高クオリティな動画制作をします,"10,000","4.3
               3"
Live2D用立ち絵描きます,"35,000",0
Vtuberになろう！Live2D&キャラデザます,"50,000","5.0
               2"
イラスト制作致します,"100,000","5.0
               1"
1枚絵やアイコンイラストお描きします,"18,000",0
Vtuberのママやります,"20,000",0
Live2D/Animaze等キャラ作ります,"29,000",0
VTuber向けのLive2Dモデルを作成します,"40,000","5.0
               1"
ケモノ系、獣人系のVtuber作成いたします,"40,000","5.0
               1"
実績あり！Live2Dモデリング承ります,"50,000",0
Vtuber、TRPGなどの立ち絵イラスト描きます,"5,000",0
新人Vtuberさん向け、キャラモデリング承ります,"10,000","5.0
               3"
Live2D（キャラデザ～モデリング）制作します,"35,000","5.0
               5"
Vtuberのキャラデザ～Live2Dまで承ります,"30,000",0
Vtuber向けのLive2Dモデル作ります,"50,000",0
お客様のご希望を叶える素敵なイラスト描きます,"15,000",0
貴方のキャラクターVRoidで3D化します,"10,000",0
Live2Dをイラストから全て制作します,"40,000",0
０からVtuberデビューをサポートします,"50,000","4.0
               1"
高クオリティvtuberをキャラデザから作ります,"70,000",0
Live2D！可愛く&かっこよく素敵に動かします,"15,000",0
修正無制限!! イラスト〜モデリングまで承ります,"90,000",0
facerig対応live2Dモデリングします,"40,000","5.0
               6"
Vtuber始めたい方、デビューまでお手伝いします,"2,000","5.0
               2"
3Dアバターモデル製作します,"150,000",0
最安値♡３DのVtuberを作ります,"10,000",0
Vtuber、VRC向けの3Dモデリングをします,"100,000",0
Vtuber3Dモデルを使った画像を作ります,"5,000",0
Vtuber向け3Dモデルを作成いたします,"150,000",0
Blenderを使った3Dモデリング受託を始めます,"100,000",0
キャラデザからモデリングまでやります,"15,000",0
商用OK！パーツ分けOK！ご希望のイラスト承ります,"4,000",0
可愛い！VTuber・配信用アバター制作します,"50,000",0
VTuber向けLive2Dイラスト制作設定します,"50,000","4.5
               2"
Facerig用の沢山動く2Dモデルを作成します,"15,000","4.5
               64"
リテイク、修正無制限！歌ってみた等のMV制作します,"35,000",0
立ち絵イラストお描きいたします,"49,000",0
Vroidモデルと配信画面をセットで作ります,"50,000",0
Vtuber用のLive2Dデータ制作します,"10,000",0
立ち絵イラストお描きします,"6,000",0
あなただけの可愛い系Vtuberモデルを作ります,"140,000",0
格安でVtuber用イラスト＋モデリング制作します,"50,000",0
キャラクターデザイン・CGイラスト等を作成致します,"30,000",0
VtuberのLive2Dモデリングします,"30,000",0
初めてのVTuber活動応援します,"13,000",0
Vtuber用Live2Dモデル1から製作します,"70,000",0
VTuberを創ります,"45,000",0
ラフ画無しOK！vroidで3Dモデル制作します,"50,000",0
Live2Dモデリング承ります,"10,000",0
Vtuber用 イラスト～モデリング制作を承ります,"170,000",0
Live2D用モデルイラストの制作をします,"30,000",0
超低価格！！Vtuberお試しで作ります,"10,000",0
最高に可愛いSNSアイコン描かせて頂きます,"4,000",0
Live2Dモデルを作成します,"10,000",0
限定価格高クオリティ！イラスト～モデリング承ります,"30,000",0
心惹かれる魅力的なキャラクターをお描きします,"6,000",0
ご希望のイラスト描かせていただきます,"5,000",0
VTuber向けvroidで3Dモデリング致します,"20,000","5.0
               3"
VRoidで3Dモデルを制作致します,"50,000",0
3Dキャラモデル･小物を制作します,"10,000","5.0
               2"
Vtuberさん向け3Dモデルを製作します,"120,000",0
Vroidで3Dモデル制作します,"40,000",0
VRoidでオリジナル3Dモデルを作ります,"15,000",0
武器～Vtuberまで3Dモデル作成依頼受けます,"20,000","5.0
               13"
推しのVtuberについて、お話を聞きます,500,0
御社のキャラクターを、3DCG化いたします,"200,000",0
Live２D　Vtuberの制作します,"40,000",0
Live2Dモデルを1から創ります,"31,000",0
VTuber支援！facerigアバター制作します,"20,000","4.7
               22"
予算に合わせて3Dキャラクター制作を行います,"80,000",0
モデリング済みキャラクター譲渡します,"9,000",0
1からLive2Dモデル作成します,"10,000",0
オリジナルMV作ります！早い動画制作します,"9,000",0
Facerig Vtuberアバター作成します,"40,000",0
フルスクラッチでオリジナル3Dモデル制作します,"200,000",0
Live2Dモデリング一括で承ります,"50,000",0
Vtuber向け！Live2Dモデル製作いたします,"20,000",0
表情豊かなLive2Dモデリングをします,"21,000","5.0
               1"
高クオリティのVtuberモデルを作成いたします,"15,000",0
Facerig用イラスト素材の制作します,"30,000","5.0
               1"
vtuber様のキャラデザ～モデリング承ります,"45,000",0
aceRig対応Live2Dモデル、制作します,"40,000",0
キャラデザ~2Dモデリング制作します,"220,000",0
商用利用可能な1枚絵や立ち絵を制作します,"30,000",0
キャラクター立ち絵お描きします,"5,000",0
Facerig対応！Live2Dモデリング承ります,"14,000","4.7
               13"
可愛いイラストをお描きします,"2,000",0
0からでもOK!VTuberアバター制作いたします,"15,000",0
